822.920	2.323	-2.058	4.3209348e-10	6.5652522e-11	-6.5663442e-11
827.394	1.744	-2.151	4.9321506e-10	7.3529703e-11	-7.3539414e-11
831.239	1.957	-2.101	4.7118006e-10	7.024173e-11	-7.024797e-11
834.782	1.958	-1.586	3.58123038e-10	6.5384748e-11	-6.5387361e-11
838.740	1.617	-2.000	3.35885589e-10	6.4940499e-11	-6.4942137e-11
842.361	1.675	-2.004	3.44689137e-10	6.2931648e-11	-6.2933091e-11
845.613	1.731	-1.576	3.8326509e-10	6.9974619e-11	-6.9976023e-11
849.215	2.514	-1.871	4.2737526e-10	6.4927044e-11	-6.4928721e-11
853.926	1.907	-2.197	3.08714211e-10	5.7990231e-11	-5.7991128e-11
857.789	1.624	-1.956	3.47355645e-10	6.7158e-11	-6.7158936e-11
861.333	1.537	-1.920	3.75775335e-10	6.8607162e-11	-6.8608215e-11
864.925	2.194	-2.055	4.495881e-10	6.7021071e-11	-6.7022631e-11
869.027	1.531	-1.908	3.60534798e-10	6.7724514e-11	-6.7725489e-11
872.569	2.166	-2.011	4.5494787e-10	6.7820142e-11	-6.7821702e-11
876.327	1.884	-1.592	3.80947671e-10	6.9162795e-11	-6.9163887e-11
880.055	1.564	-1.843	3.63909741e-10	6.8358459e-11	-6.8359434e-11
883.564	2.025	-1.946	3.12208611e-10	5.8646679e-11	-5.8647537e-11
887.635	1.998	-2.045	3.06485868e-10	5.7571683e-11	-5.7572502e-11
892.046	2.202	-2.413	3.65908179e-10	5.7855486e-11	-5.7856695e-11
896.096	2.237	-1.848	3.10073478e-10	5.6611659e-11	-5.6612517e-11
899.925	1.841	-1.592	3.68893551e-10	6.7350738e-11	-6.7351791e-11
903.984	2.441	-2.217	3.83983938e-10	5.9729007e-11	-5.9730294e-11
908.369	1.366	-1.945	3.74527452e-10	7.035288e-11	-7.0353972e-11
911.830	1.981	-2.095	3.04234983e-10	5.7148845e-11	-5.7149742e-11
915.309	2.390	-1.498	3.1900518e-10	5.9923344e-11	-5.9924319e-11
919.480	2.222	-1.781	3.16688073e-10	5.7819333e-11	-5.7820425e-11
923.659	2.528	-1.957	3.86279439e-10	6.0327072e-11	-6.0328671e-11
927.964	1.779	-1.777	3.56437341e-10	6.5076531e-11	-6.5077818e-11
931.877	2.007	-2.133	4.5271863e-10	6.8777241e-11	-6.8779152e-11
935.629	1.999	-1.746	3.31233396e-10	6.2220366e-11	-6.2221458e-11
939.865	1.879	-2.236	3.0145752e-10	5.6627103e-11	-5.6628117e-11
943.766	1.556	-2.022	3.39149616e-10	6.5571441e-11	-6.5572494e-11
947.271	2.364	-1.950	2.93811804e-10	5.3642667e-11	-5.3643681e-11
951.410	1.761	-1.774	3.58500675e-10	6.5453232e-11	-6.545448e-11
955.335	2.435	-2.164	2.75568111e-10	5.0311833e-11	-5.0312769e-11
959.871	2.423	-2.101	2.74259427e-10	5.1518142e-11	-5.1519078e-11
964.157	1.842	-1.863	3.42478812e-10	6.2528115e-11	-6.2529597e-11
967.827	2.294	-1.829	3.69294471e-10	6.1549449e-11	-6.1551165e-11
971.808	2.749	-1.688	2.79542367e-10	5.2510497e-11	-5.251155e-11
976.517	1.554	-1.959	3.53004327e-10	6.6309906e-11	-6.6311154e-11
980.687	2.098	-2.615	2.72146797e-10	5.0243544e-11	-5.024448e-11
984.821	1.526	-2.036	3.48232872e-10	6.5413608e-11	-6.5414778e-11
988.609	1.897	-2.263	2.91668091e-10	5.6391309e-11	-5.6392245e-11
992.239	2.211	-1.733	3.67996122e-10	6.3737232e-11	-6.3738558e-11
996.337	1.774	-1.887	3.38733057e-10	6.3629124e-11	-6.3630216e-11
999.926	1.753	-1.814	3.55288206e-10	6.4866711e-11	-6.4867881e-11
1003.874	1.607	-2.195	3.33357258e-10	6.0862698e-11	-6.086379e-11
1007.633	1.908	-2.152	3.12177411e-10	5.699577e-11	-5.6996784e-11
1011.371	2.036	-1.830	3.29250285e-10	6.0112845e-11	-6.0113976e-11
1015.300	1.681	-1.894	3.55984512e-10	6.6869712e-11	-6.687096e-11
1018.900	1.579	-1.919	3.63770472e-10	6.8332251e-11	-6.8333499e-11
1022.491	2.030	-2.012	3.19225257e-10	5.8282536e-11	-5.8283628e-11
1027.402	1.574	-2.881	2.78401188e-10	5.2296114e-11	-5.229705e-11
1031.691	2.004	-2.716	2.51274621e-10	5.0023623e-11	-5.0024481e-11
1035.690	2.041	-1.994	3.21168705e-10	5.8637397e-11	-5.8638567e-11
1039.136	2.256	-1.405	5.3271153e-10	7.9412463e-11	-7.9414803e-11
1043.724	2.114	-2.332	2.84279112e-10	5.3400243e-11	-5.3401179e-11
1047.857	1.874	-2.019	3.25590057e-10	5.944458e-11	-5.9445672e-11
1051.345	2.141	-1.614	3.30244317e-10	6.203457e-11	-6.2035623e-11
1055.424	2.420	-1.937	2.88360384e-10	5.4166905e-11	-5.4167841e-11
1060.552	1.902	-2.708	2.76050619e-10	5.1854595e-11	-5.1855492e-11
1064.599	2.441	-2.146	2.82079863e-10	5.1500709e-11	-5.1501645e-11
1069.629	2.533	-2.589	2.36881125e-10	4.5798753e-11	-4.5799533e-11
1073.953	1.723	-1.790	3.37585599e-10	6.720636e-11	-6.7207374e-11
1077.956	2.332	-2.280	2.74885338e-10	5.0187189e-11	-5.0188125e-11
1082.179	1.550	-1.891	3.68413266e-10	6.7263027e-11	-6.7264314e-11
1085.740	1.333	-2.012	3.79001571e-10	6.9196179e-11	-6.9197466e-11
1089.346	1.650	-2.273	3.23152284e-10	5.8999512e-11	-5.9000565e-11
1093.574	2.087	-2.578	2.71760463e-10	4.9616658e-11	-4.9617594e-11
1097.394	1.693	-1.733	3.62044995e-10	6.8008161e-11	-6.800937e-11
1101.186	2.325	-2.098	2.80486518e-10	5.268783e-11	-5.2688805e-11
1105.190	2.017	-1.680	3.42898764e-10	6.260475e-11	-6.260592e-11
1108.345	2.486	-1.138	3.42291417e-10	6.4297545e-11	-6.4298715e-11
1112.594	1.938	-1.762	3.42497337e-10	6.253143e-11	-6.25326e-11
1116.680	1.561	-2.148	3.12424827e-10	6.4071462e-11	-6.4072398e-11
1120.568	2.399	-2.327	2.73557583e-10	4.9944765e-11	-4.9945701e-11
1124.261	2.098	-1.295	3.83268522e-10	6.9975243e-11	-6.9976569e-11
1128.788	2.153	-2.428	2.82882366e-10	5.1647232e-11	-5.1648168e-11
1134.167	2.791	-3.226	2.10643836e-10	3.845829e-11	-3.84589842e-11
1139.304	1.881	-2.346	2.94170955e-10	5.5258359e-11	-5.5259334e-11
1142.974	2.047	-1.789	3.38952198e-10	6.1884186e-11	-6.1885395e-11
1147.059	2.267	-2.038	2.89049826e-10	5.5885089e-11	-5.5886025e-11
1151.412	2.232	-2.086	4.4071404e-10	6.6953484e-11	-6.6955239e-11
1155.766	2.120	-2.122	2.92396767e-10	5.4925104e-11	-5.4926079e-11
1176.130	12.207	-18.245	3.54651882e-10	5.8837584e-11	-5.8838949e-11
1190.897	2.011	-2.560	2.71424283e-10	5.0985558e-11	-5.0986494e-11
1194.912	1.611	-2.004	3.50665146e-10	6.4022673e-11	-6.402396e-11
1198.508	2.229	-1.985	2.9535558e-10	5.5480893e-11	-5.5481946e-11
1202.774	1.751	-2.037	3.4332597e-10	6.268275e-11	-6.2683959e-11
1206.698	2.241	-2.173	2.94613449e-10	5.3789034e-11	-5.3790048e-11
1211.118	1.792	-2.179	4.6861932e-10	7.2565389e-11	-7.2567183e-11
1215.388	1.994	-2.477	2.77435899e-10	5.2114764e-11	-5.2115661e-11
1219.005	2.066	-1.624	3.36158433e-10	6.3145485e-11	-6.3146577e-11
1223.002	1.859	-1.931	3.2014632e-10	6.1897329e-11	-6.189846e-11
1226.654	2.243	-1.794	3.13971099e-10	5.7323292e-11	-5.7324462e-11
1230.641	2.042	-1.744	3.15200964e-10	6.2750064e-11	-6.2751078e-11
1234.692	1.958	-2.008	3.13952574e-10	6.0699834e-11	-6.0700809e-11
1238.431	1.576	-1.781	3.70851078e-10	7.1700642e-11	-7.1701929e-11
NO	NO	NO	NO	NO
! PC data
!Time    	T_+ve   	T_-ve   	Flux    	Fluxpos 	Fluxneg
1249.489	6.023	-6.514	2.50252665e-10	5.6109144e-11	-5.6109144e-11
1262.089	5.959	-6.577	2.98605372e-10	6.1089522e-11	-6.1089522e-11
1275.222	7.870	-7.173	2.2590867e-10	4.8341202e-11	-4.8341202e-11
1289.246	6.383	-6.154	2.78431647e-10	5.8329882e-11	-5.8329882e-11
1301.175	6.990	-5.547	2.55719802e-10	5.6090034e-11	-5.6090034e-11
1319.093	9.131	-10.928	1.6869333e-10	3.61423023e-11	-3.61423023e-11
1336.115	7.153	-7.891	2.03722155e-10	4.5615024e-11	-4.5615024e-11
1351.806	9.013	-8.539	1.92274641e-10	4.1093598e-11	-4.1093598e-11
1367.958	7.905	-7.139	2.04960756e-10	4.5954246e-11	-4.5954246e-11
1384.750	8.664	-8.887	1.8277779e-10	4.0090791e-11	-4.0090791e-11
1401.433	7.025	-8.019	2.020941e-10	4.5372678e-11	-4.5372678e-11
1416.649	11.867	-8.191	1.66915242e-10	3.56736822e-11	-3.56736822e-11
1437.052	11.523	-8.536	1.65607065e-10	3.5568468e-11	-3.5568468e-11
1454.837	8.782	-6.262	2.06331255e-10	4.6137078e-11	-4.6137078e-11
1473.799	9.878	-10.181	1.74010083e-10	3.65400048e-11	-3.65400048e-11
1494.736	11.507	-11.059	1.63416435e-10	3.36590163e-11	-3.36590163e-11
1511.935	9.352	-5.692	2.27363058e-10	4.8832173e-11	-4.8832173e-11
1529.176	9.662	-7.889	1.72590639e-10	3.89592021e-11	-3.89592021e-11
1547.230	9.159	-8.392	1.78847955e-10	3.9991614e-11	-3.9991614e-11
1567.318	9.129	-10.929	1.68437022e-10	3.59989305e-11	-3.59989305e-11
1588.158	8.348	-11.710	1.7786691e-10	3.73498905e-11	-3.73498905e-11
1607.046	9.519	-10.539	1.83137994e-10	3.76784811e-11	-3.76784811e-11
1627.841	8.782	-11.277	1.52206236e-10	3.41261505e-11	-3.41261505e-11
1650.281	8.908	-13.658	1.43663091e-10	3.15926442e-11	-3.15926442e-11
1672.503	14.266	-13.314	1.21900428e-10	2.61491139e-11	-2.61491139e-11
1691.896	4.903	-5.126	3.37174461e-10	7.1973837e-11	-7.1973837e-11
1705.820	8.531	-9.021	1.78187295e-10	4.0059396e-11	-4.0059396e-11
1722.286	7.108	-7.936	2.11446378e-10	4.6438782e-11	-4.6438782e-11
1740.247	9.205	-10.853	1.8188898e-10	3.71279376e-11	-3.71279376e-11
1762.463	12.063	-13.011	1.3801203e-10	2.90835948e-11	-2.90835948e-11
1783.413	8.664	-8.887	1.83019863e-10	4.0092273e-11	-4.0092273e-11
1806.353	13.305	-14.276	1.10930976e-10	2.50067103e-11	-2.50067103e-11
1826.877	7.825	-7.219	2.12406441e-10	4.6529691e-11	-4.6529691e-11
1845.225	7.027	-10.524	1.7750382e-10	3.9851838e-11	-3.9851838e-11
1859.270	8.026	-7.017	2.04497319e-10	4.5788574e-11	-4.5788574e-11
1875.868	6.473	-8.571	2.59574016e-10	5.208294e-11	-5.208294e-11
1897.553	9.861	-15.213	1.28976783e-10	2.82173268e-11	-2.82173268e-11
1919.188	10.792	-11.774	1.34766879e-10	3.02568669e-11	-3.02568669e-11
1936.017	6.499	-6.037	2.71690419e-10	5.7995496e-11	-5.7995496e-11
1961.207	11.397	-18.691	1.35375708e-10	2.66044116e-11	-2.66044116e-11
1980.744	11.918	-8.140	1.55867985e-10	3.50416521e-11	-3.50416521e-11
2004.165	11.063	-11.502	1.52254713e-10	3.25005564e-11	-3.25005564e-11
2027.695	10.099	-12.467	1.4233206e-10	3.10992435e-11	-3.10992435e-11
2046.692	6.146	-8.898	2.054832e-10	4.6009314e-11	-4.6009314e-11
2066.943	10.968	-14.105	1.43307411e-10	3.00574248e-11	-3.00574248e-11
2089.412	11.065	-11.501	1.50265557e-10	3.24332307e-11	-3.24332307e-11
2115.131	12.927	-14.654	1.11329712e-10	2.50287258e-11	-2.50287258e-11
2138.075	12.548	-10.018	1.50285681e-10	3.2158971e-11	-3.2158971e-11
2164.399	11.298	-13.775	1.28943282e-10	2.83556442e-11	-2.83556442e-11
2184.468	8.779	-8.772	1.72826433e-10	3.88017279e-11	-3.88017279e-11
2208.097	12.731	-14.850	1.18732653e-10	2.60765895e-11	-2.60765895e-11
2233.602	12.300	-12.774	1.22435976e-10	2.75255994e-11	-2.75255994e-11
2258.178	10.289	-12.277	1.39154808e-10	3.11998869e-11	-3.11998869e-11
2286.132	9.916	-17.665	1.13740341e-10	2.54673666e-11	-2.54673666e-11
2305.194	8.405	-9.147	1.75194474e-10	3.9386568e-11	-3.9386568e-11
2324.037	9.620	-10.438	1.83618981e-10	3.77348166e-11	-3.77348166e-11
2341.551	9.657	-7.894	1.76318571e-10	3.9800709e-11	-3.9800709e-11
2365.988	12.801	-14.779	1.11434115e-10	2.51542278e-11	-2.51542278e-11
2393.224	10.639	-14.435	1.4042535e-10	2.93838012e-11	-2.93838012e-11
2425.081	21.398	-21.218	1.39692813e-10	2.25397497e-11	-2.25397497e-11
6633.996	14.751	-22.858	4.37229e-11	9.5691882e-12	-9.5691882e-12
6662.304	14.024	-13.556	6.1750689e-11	1.32394236e-11	-1.32394236e-11
6696.377	17.560	-20.050	4.1234622e-11	9.2345643e-12	-9.2345643e-12
6729.727	14.298	-15.790	5.0554725e-11	1.13744358e-11	-1.13744358e-11
6770.218	21.446	-26.193	3.3641751e-11	7.3736754e-12	-7.3736754e-12
6816.973	22.330	-25.308	3.25748046e-11	7.3518666e-12	-7.3518666e-12
6862.608	19.319	-23.305	3.60145617e-11	8.1155841e-12	-8.1155841e-12
6902.753	19.291	-20.826	3.9340899e-11	8.6483046e-12	-8.6483046e-12
6942.694	14.452	-20.650	4.9874721e-11	1.0413546e-11	-1.0413546e-11
6973.332	11.395	-16.185	6.4477374e-11	1.3462488e-11	-1.3462488e-11
6996.878	10.415	-12.151	7.8474357e-11	1.64069724e-11	-1.64069724e-11
7028.095	14.300	-20.802	4.3512456e-11	9.7446882e-12	-9.7446882e-12
7059.045	13.438	-16.650	5.2935831e-11	1.15685115e-11	-1.15685115e-11
7096.910	28.227	-24.427	2.86501137e-11	6.4560639e-12	-6.4560639e-12
7146.818	15.928	-21.682	4.0885806e-11	9.1705848e-12	-9.1705848e-12
7181.302	19.054	-18.555	4.3089111e-11	9.4443687e-12	-9.4443687e-12
7228.722	16.766	-28.366	3.726606e-11	7.9674582e-12	-7.9674582e-12
7262.282	20.815	-16.794	4.0151436e-11	9.0759552e-12	-9.0759552e-12
7304.522	16.186	-21.424	4.207866e-11	9.1958061e-12	-9.1958061e-12
7341.507	21.824	-20.800	3.55453332e-11	7.9974375e-12	-7.9974375e-12
7381.055	12.364	-17.724	5.3719653e-11	1.17743925e-11	-1.17743925e-11
7416.159	14.870	-22.739	4.3075461e-11	9.4692663e-12	-9.4692663e-12
7453.335	15.304	-22.306	4.0737801e-11	9.1515255e-12	-9.1515255e-12
7484.808	18.933	-16.169	4.6362576e-11	1.01320011e-11	-1.01320011e-11
7520.154	11.167	-16.413	5.789862e-11	1.2634518e-11	-1.2634518e-11
7552.741	16.191	-21.419	4.4459649e-11	9.5188002e-12	-9.5188002e-12
7586.727	14.799	-17.796	4.7277165e-11	1.06205619e-11	-1.06205619e-11
7613.521	15.586	-11.995	5.8646289e-11	1.27976667e-11	-1.27976667e-11
7652.662	21.577	-23.555	3.39345708e-11	7.6350261e-12	-7.6350261e-12
7692.353	14.481	-18.114	5.1406368e-11	1.10061003e-11	-1.10061003e-11
7727.882	29.098	-21.048	3.04931991e-11	6.818487e-12	-6.818487e-12
7779.235	30.399	-22.254	3.01804815e-11	6.6247818e-12	-6.6247818e-12
7832.250	17.501	-22.616	4.0282749e-11	8.7904206e-12	-8.7904206e-12
7884.078	28.356	-34.327	2.42693178e-11	5.5116438e-12	-5.5116438e-12
7935.862	21.703	-23.428	3.39020448e-11	7.6277097e-12	-7.6277097e-12
7979.748	20.442	-22.183	3.60987978e-11	8.1219606e-12	-8.1219606e-12
8021.153	16.647	-20.963	4.486794e-11	9.6062226e-12	-9.6062226e-12
8057.345	23.079	-19.545	3.5712846e-11	8.0226978e-12	-8.0226978e-12
8112.261	35.232	-31.837	3.77428467e-11	8.4656286e-12	-8.4656286e-12
8200.076	47.020	-52.583	3.55086186e-11	6.1453392e-12	-6.1453392e-12
12415.677	46.782	-35.959	1.29362064e-11	2.90653623e-12	-2.90653623e-12
12578.296	114.835	-115.836	1.22710068e-11	2.06464674e-12	-2.06464674e-12
18338.316	75.917	-46.941	1.18601301e-11	2.61175317e-12	-2.61175317e-12
18498.438	56.205	-84.204	1.09826457e-11	2.46884079e-12	-2.46884079e-12
18630.062	57.468	-75.419	1.1495328e-11	2.5895922e-12	-2.5895922e-12
18755.437	67.488	-67.907	1.12524828e-11	2.54845188e-12	-2.54845188e-12
18889.685	86.186	-66.760	1.00683375e-11	2.27054646e-12	-2.27054646e-12
19034.013	64.717	-58.142	1.24526025e-11	2.80225725e-12	-2.80225725e-12
19158.123	58.450	-59.394	1.30164333e-11	2.92913868e-12	-2.92913868e-12
19297.261	69.751	-80.688	1.00999704e-11	2.28743229e-12	-2.28743229e-12
19444.180	103.359	-77.167	8.4629454e-12	1.90647678e-12	-1.90647678e-12
19596.542	38.753	-49.003	1.75509789e-11	3.9453687e-12	-3.9453687e-12
19724.601	103.757	-89.307	7.8261768e-12	1.7630301e-12	-1.7630301e-12
19899.667	46.535	-71.309	8.7376458e-12	1.97082405e-12	-1.97082405e-12
19998.340	33.111	-52.138	1.02898146e-11	2.30336028e-12	-2.30336028e-12
20134.313	66.952	-102.862	7.0329675e-12	1.47339426e-12	-1.47339426e-12
24136.277	136.179	-206.574	3.41473041e-12	8.3320653e-13	-8.3320653e-13
24374.420	113.664	-101.965	6.0170292e-12	1.35672303e-12	-1.35672303e-12
24595.178	146.146	-107.093	3.67905213e-12	9.6723822e-13	-9.6723822e-13
24941.187	126.087	-199.864	2.89463304e-12	7.596927e-13	-7.596927e-13
25200.133	127.902	-132.859	4.9217415e-12	1.11190716e-12	-1.11190716e-12
25478.160	130.695	-150.125	3.86132019e-12	9.414639e-13	-9.414639e-13
25807.991	161.045	-199.136	4.3306068e-12	9.2143077e-13	-9.2143077e-13
35957.719	116.904	-108.754	4.0980225e-12	9.2524926e-13	-9.2524926e-13
36163.743	91.406	-89.120	3.78056757e-12	9.8390682e-13	-9.8390682e-13
36345.128	88.040	-89.979	5.1144249e-12	1.15129053e-12	-1.15129053e-12
36546.092	70.111	-112.923	4.9856469e-12	1.11979842e-12	-1.11979842e-12
36708.942	72.744	-92.739	5.497011e-12	1.24018518e-12	-1.24018518e-12
36903.552	76.212	-121.866	3.66912741e-12	9.267141e-13	-9.267141e-13
37093.108	107.299	-113.345	3.08519523e-12	8.0533713e-13	-8.0533713e-13
37365.177	240.232	-164.770	2.49929901e-12	5.8437522e-13	-5.8437522e-13
42121.467	143.113	-212.537	2.27196645e-12	6.207045e-13	-6.207045e-13
42345.565	64.439	-80.986	6.7019706e-12	1.46531736e-12	-1.46531736e-12
42503.796	111.807	-93.793	3.33370713e-12	8.7016254e-13	-8.7016254e-13
42699.720	108.947	-84.116	3.55918446e-12	9.24807e-13	-9.24807e-13
43032.960	348.688	-224.293	2.81068164e-12	5.680389e-13	-5.680389e-13
47937.344	163.707	-207.376	1.80105939e-12	4.7356023e-13	-4.7356023e-13
48306.874	96.867	-205.824	2.44094487e-12	6.3946272e-13	-6.3946272e-13
48512.423	129.513	-108.682	2.82185475e-12	7.3790301e-13	-7.3790301e-13
48879.958	270.958	-238.022	2.56505574e-12	4.8102405e-13	-4.8102405e-13
54220.864	130.003	-103.177	2.84051157e-12	7.4352096e-13	-7.4352096e-13
54603.143	315.313	-252.276	2.07435306e-12	4.4166564e-13	-4.4166564e-13
58888.021	263.479	-209.749	1.80202581e-12	4.4118906e-13	-4.4118906e-13
70365.281	216.956	-194.243	1.69313703e-12	4.4043402e-13	-4.4043402e-13
70789.273	251.803	-207.035	1.51322379e-12	3.9237627e-13	-3.9237627e-13
71807.117	421.027	-766.041	1.14868221e-12	2.56290216e-13	-2.56290216e-13
76194.608	276.529	-270.064	1.34560647e-12	3.53607189e-13	-3.53607189e-13
76694.628	212.782	-223.491	1.71581865e-12	4.477122e-13	-4.477122e-13
77389.090	585.021	-481.680	1.09919121e-12	2.71613667e-13	-2.71613667e-13
81959.626	224.836	-261.582	1.4084421e-12	3.68675931e-13	-3.68675931e-13
82444.432	208.898	-259.970	1.45393131e-12	3.80364543e-13	-3.80364543e-13
83053.983	704.461	-400.652	1.26725352e-12	2.61157494e-13	-2.61157494e-13
87846.219	359.327	-375.316	9.7328088e-13	2.55771204e-13	-2.55771204e-13
88566.699	408.592	-361.153	1.21445259e-12	2.84561316e-13	-2.84561316e-13
93969.531	923.037	-731.427	8.0827578e-13	1.6243656e-13	-1.6243656e-13
123218.489	4677.928	-1116.571	3.9866307e-13	1.1387961e-13	-1.1387961e-13
128933.653	949.502	-1037.236	5.3962779e-13	1.23537375e-13	-1.23537375e-13
134352.705	1230.156	-681.929	6.2152428e-13	1.4111331e-13	-1.4111331e-13
204187.786	10625.008	-7020.869	3.06327996e-13	5.4320253e-14	-5.4320253e-14
262923.982	5295.362	-8021.140	2.07898041e-13	5.1345762e-14	-5.1345762e-14
274681.390	4737.125	-2461.690	2.61756963e-13	7.0428423e-14	-7.0428423e-14
508680.429	386935.699	-103591.427	3.43538325e-14	9.8937306e-15	-9.8937306e-15